1250	1	598
1250	2	644
1250	3	374
1250	4	830
1250	5	973
1250	6	607
1250	7	605
1250	8	1207
1250	9	856
1250	10	644
1251	1	278
1251	2	373
1251	3	248
1251	4	414
1251	5	424
1251	6	295
1251	7	308
1251	8	524
1251	9	630
1251	10	276
1252	1	393
1252	2	381
1252	3	306
1252	4	535
1252	5	439
1252	6	366
1252	7	364
1252	8	1156
1252	9	864
1252	10	376
1253	1	182
1253	2	184
1253	3	154
1253	4	197
1253	5	253
1253	6	148
1253	7	170
1253	8	373
1253	9	433
1253	10	171
1254	4	21
1255	1	500
1255	2	524
1255	3	343
1255	4	621
1255	5	707
1255	6	462
1255	7	421
1255	8	908
1255	9	1117
1255	10	508
1256	1	546
1256	2	583
1256	3	410
1256	4	687
1256	5	682
1256	6	594
1256	7	465
1256	8	1052
1256	9	1102
1256	10	616
1257	1	384
1257	2	409
1257	3	308
1257	4	576
1257	5	625
1257	6	430
1257	7	434
1257	8	744
1257	9	1098
1257	10	381
1258	1	273
1258	2	249
1258	3	219
1258	4	340
1258	5	572
1258	6	280
1258	7	288
1258	8	465
1258	9	577
1258	10	261
1259	1	267
1259	2	365
1259	3	219
1259	4	398
1259	5	494
1259	6	297
1259	7	327
1259	8	568
1259	9	712
1259	10	282
1260	1	81
1260	2	83
1260	3	106
1260	4	85
1260	5	154
1260	6	52
1260	7	108
1260	8	228
1260	9	162
1260	10	76
1261	1	403
1261	2	318
1261	3	367
1261	4	579
1261	5	600
1261	6	334
1261	7	380
1261	8	469
1261	9	805
1261	10	382
1262	1	384
1262	2	376
1262	3	403
1262	4	629
1262	5	602
1262	6	356
1262	7	417
1262	8	543
1262	9	848
1262	10	358
1263	1	339
1263	2	410
1263	3	251
1263	4	497
1263	5	511
1263	6	347
1263	7	378
1263	8	514
1263	9	894
1263	10	351
1264	1	254
1264	2	203
1264	3	148
1264	4	276
1264	5	335
1264	6	225
1264	7	267
1264	8	273
1264	9	486
1264	10	217
1265	1	359
1265	2	423
1265	3	283
1265	4	448
1265	5	546
1265	6	310
1265	7	383
1265	8	585
1265	9	913
1265	10	335
1266	1	154
1266	2	104
1266	3	183
1266	4	115
1266	5	166
1266	6	93
1266	7	186
1266	8	225
1266	9	296
1266	10	95
1267	6	3
1267	9	19
1268	1	335
1268	2	439
1268	3	385
1268	4	426
1268	5	617
1268	6	267
1268	7	305
1268	8	496
1268	9	822
1268	10	316
1269	1	475
1269	2	314
1269	3	388
1269	4	599
1269	5	796
1269	6	519
1269	7	409
1269	8	813
1269	9	671
1269	10	438
1270	1	321
1270	2	227
1270	3	236
1270	4	445
1270	5	484
1270	6	333
1270	7	341
1270	8	476
1270	9	396
1270	10	297
1271	1	239
1271	2	201
1271	3	180
1271	4	272
1271	5	295
1271	6	251
1271	7	260
1271	8	347
1271	9	301
1271	10	213
1272	1	260
1272	2	225
1272	3	240
1272	4	335
1272	5	385
1272	6	267
1272	7	295
1272	8	391
1272	9	389
1272	10	252
1273	1	174
1273	2	156
1273	3	189
1273	4	147
1273	5	282
1273	6	110
1273	7	189
1273	8	155
1273	9	205
1273	10	146
1274	1	290
1274	2	313
1274	3	326
1274	4	403
1274	5	492
1274	6	287
1274	7	309
1274	8	500
1274	9	399
1274	10	299
1275	1	365
1275	2	287
1275	3	371
1275	4	513
1275	5	592
1275	6	429
1275	7	423
1275	8	820
1275	9	458
1275	10	353
1276	1	307
1276	2	299
1276	3	240
1276	4	397
1276	5	502
1276	6	294
1276	7	339
1276	8	496
1276	9	410
1276	10	296
1277	1	261
1277	2	162
1277	3	246
1277	4	328
1277	5	470
1277	6	233
1277	7	290
1277	8	372
1277	9	352
1277	10	243
1278	1	336
1278	2	327
1278	3	293
1278	4	453
1278	5	512
1278	6	337
1278	7	378
1278	8	559
1278	9	421
1278	10	347
1279	2	76
1279	3	162
1279	4	86
1279	5	184
1279	6	64
1279	7	111
1279	8	159
1279	9	110
1280	1	36
1281	1	368
1281	2	319
1281	3	356
1281	4	442
1281	5	491
1281	6	283
1281	7	331
1281	8	569
1281	9	438
1281	10	316
1282	1	318
1282	2	350
1282	3	403
1282	4	433
1282	5	493
1282	6	291
1282	7	336
1282	8	533
1282	9	531
1282	10	295
1283	1	353
1283	2	324
1283	3	332
1283	4	484
1283	5	596
1283	6	330
1283	7	423
1283	8	664
1283	9	559
1283	10	350
1284	1	263
1284	2	211
1284	3	229
1284	4	343
1284	5	399
1284	6	276
1284	7	305
1284	8	385
1284	9	402
1284	10	257
1285	1	264
1285	2	255
1285	3	242
1285	4	361
1285	5	478
1285	6	292
1285	7	337
1285	8	465
1285	9	446
1285	10	265
1286	1	41
1286	2	39
1286	4	29
1286	5	61
1286	6	27
1286	7	52
1286	8	97
1286	9	47
1286	10	40
1287	9	10
1288	1	406
1288	2	297
1288	3	380
1288	4	544
1288	5	726
1288	6	340
1288	7	393
1288	8	618
1288	9	617
1288	10	380
1289	1	344
1289	2	394
1289	3	335
1289	4	528
1289	5	778
1289	6	300
1289	7	389
1289	8	573
1289	9	597
1289	10	344
1290	1	263
1290	2	309
1290	3	242
1290	4	428
1290	5	495
1290	6	240
1290	7	345
1290	8	434
1290	9	569
1290	10	266
1291	1	258
1291	2	209
1291	3	221
1291	4	346
1291	5	380
1291	6	196
1291	7	299
1291	8	466
1291	9	435
1291	10	249
1292	1	340
1292	2	361
1292	3	280
1292	4	439
1292	5	437
1292	6	259
1292	7	375
1292	8	563
1292	9	639
1292	10	318
1293	3	119
1293	4	69
1293	5	49
1293	6	40
1293	7	69
1293	8	112
1293	9	121
1293	10	58
1294	1	438
1294	2	390
1294	3	543
1294	4	665
1294	5	613
1294	6	312
1294	7	416
1294	8	535
1294	9	1027
1294	10	404
1295	1	413
1295	2	413
1295	3	534
1295	4	652
1295	5	610
1295	6	326
1295	7	448
1295	8	623
1295	9	1047
1295	10	382
1296	1	355
1296	2	459
1296	3	320
1296	4	460
1296	5	652
1296	6	276
1296	7	376
1296	8	606
1296	9	727
1296	10	349
1297	1	238
1297	2	192
1297	3	213
1297	4	297
1297	5	305
1297	6	211
1297	7	198
1297	8	394
1297	9	390
1297	10	208
1298	1	319
1298	2	201
1298	3	309
1298	4	464
1298	5	527
1298	6	272
1298	7	320
1298	8	397
1298	9	552
1298	10	300
1299	1	178
1299	2	165
1299	3	209
1299	4	160
1299	5	242
1299	6	89
1299	7	164
1299	8	145
1299	9	238
1299	10	146
1300	1	402
1300	2	194
1300	3	441
1300	4	560
1300	5	537
1300	6	396
1300	7	339
1300	8	579
1300	9	768
1300	10	383
1301	1	580
1301	2	404
1301	3	512
1301	4	875
1301	5	867
1301	6	688
1301	7	577
1301	8	872
1301	9	955
1301	10	629
1302	1	366
1302	2	285
1302	3	432
1302	4	656
1302	5	616
1302	6	375
1302	7	390
1302	8	576
1302	9	767
1302	10	395
1303	1	328
1303	2	263
1303	3	327
1303	4	529
1303	5	599
1303	6	323
1303	7	328
1303	8	515
1303	9	515
1303	10	345
1304	1	330
1304	2	259
1304	3	352
1304	4	475
1304	5	617
1304	6	317
1304	7	328
1304	8	497
1304	9	552
1304	10	315
1305	1	167
1305	2	132
1305	3	194
1305	4	192
1305	5	361
1305	6	100
1305	7	162
1305	8	202
1305	9	267
1305	10	148
1306	6	5
1307	1	390
1307	2	236
1307	3	454
1307	4	613
1307	5	598
1307	6	378
1307	7	334
1307	8	752
1307	9	714
1307	10	382
1308	1	367
1308	2	300
1308	3	516
1308	4	727
1308	5	547
1308	6	384
1308	7	390
1308	8	860
1308	9	988
1308	10	392
1309	1	294
1309	2	269
1309	3	310
1309	4	511
1309	5	482
1309	6	256
1309	7	303
1309	8	543
1309	9	597
1309	10	296
1310	1	321
1310	2	279
1310	3	342
1310	4	531
1310	5	544
1310	6	276
1310	7	315
1310	8	592
1310	9	556
1310	10	307
1311	1	423
1311	2	317
1311	3	480
1311	4	639
1311	5	801
1311	6	350
1311	7	383
1311	8	778
1311	9	978
1311	10	488
1312	1	51
1312	2	77
1312	3	124
1312	4	100
1312	5	159
1312	6	35
1312	7	92
1312	8	91
1312	9	126
1312	10	59
1313	1	34
1314	1	434
1314	2	356
1314	3	530
1314	4	708
1314	5	990
1314	6	471
1314	7	342
1314	8	752
1314	9	1087
1314	10	431
1315	1	441
1315	2	410
1315	3	404
1315	4	768
1315	5	1025
1315	6	485
1315	7	375
1315	8	799
1315	9	1394
1315	10	454
1316	1	325
1316	2	373
1316	3	287
1316	4	622
1316	5	749
1316	6	387
1316	7	308
1316	8	619
1316	9	1046
1316	10	349
1317	1	325
1317	2	345
1317	3	306
1317	4	604
1317	5	592
1317	6	319
1317	7	298
1317	8	521
1317	9	755
1317	10	350
1318	1	326
1318	2	436
1318	3	328
1318	4	565
1318	5	532
1318	6	287
1318	7	304
1318	8	548
1318	9	945
1318	10	327
1319	1	169
1319	2	171
1319	3	179
1319	4	199
1319	5	129
1319	6	89
1319	7	150
1319	8	221
1319	9	565
1319	10	147
1320	9	21
1321	1	406
1321	2	457
1321	3	491
1321	4	675
1321	5	671
1321	6	311
1321	7	299
1321	8	700
1321	9	1376
1321	10	392
1322	1	345
1322	2	433
1322	3	404
1322	4	670
1322	5	561
1322	6	295
1322	7	297
1322	8	722
1322	9	1295
1322	10	351
1323	1	414
1323	2	426
1323	3	417
1323	4	748
1323	5	739
1323	6	360
1323	7	339
1323	8	732
1323	9	1646
1323	10	417
1324	1	274
1324	2	252
1324	3	265
1324	4	371
1324	5	354
1324	6	216
1324	7	215
1324	8	553
1324	9	940
1324	10	260
1325	1	176
1325	2	193
1325	3	234
1325	4	210
1325	5	202
1325	6	127
1325	7	134
1325	8	388
1325	9	710
1325	10	175
1326	6	4
1326	9	29
1327	4	15
1327	6	9
1327	9	29
1328	1	51
1328	4	27
1328	5	55
1328	6	21
1328	8	48
1328	9	30
1329	1	759
1329	2	757
1329	3	511
1329	4	1064
1329	5	1218
1329	6	928
1329	7	617
1329	8	1349
1329	9	1320
1329	10	642
1330	1	710
1330	2	794
1330	3	467
1330	4	1055
1330	5	1202
1330	6	888
1330	7	617
1330	8	1319
1330	9	1112
1330	10	642
1331	1	550
1331	2	528
1331	3	459
1331	4	770
1331	5	1165
1331	6	541
1331	7	426
1331	8	904
1331	9	1217
1331	10	445
1332	1	620
1332	2	756
1332	3	480
1332	4	871
1332	5	1243
1332	6	651
1332	7	460
1332	8	929
1332	9	1131
1332	10	595
1333	1	293
1333	2	318
1333	3	270
1333	4	447
1333	5	495
1333	6	293
1333	7	240
1333	8	333
1333	9	474
1333	10	228
1334	1	477
1334	2	436
1334	3	495
1334	4	610
1334	5	662
1334	6	480
1334	7	344
1334	8	573
1334	9	1085
1334	10	382
1335	1	442
1335	2	494
1335	3	490
1335	4	750
1335	5	713
1335	6	514
1335	7	412
1335	8	760
1335	9	1268
1335	10	398
1336	1	428
1336	2	494
1336	3	374
1336	4	719
1336	5	601
1336	6	475
1336	7	441
1336	8	600
1336	9	1208
1336	10	377
1337	1	289
1337	2	299
1337	3	207
1337	4	396
1337	5	265
1337	6	281
1337	7	258
1337	8	373
1337	9	787
1337	10	232
1338	1	300
1338	2	387
1338	3	243
1338	4	434
1338	5	360
1338	6	296
1338	7	285
1338	8	455
1338	9	759
1338	10	251
1339	1	97
1339	2	133
1339	3	112
1339	4	117
1339	5	192
1339	6	76
1339	7	104
1339	8	143
1339	9	206
1340	5	66
1340	6	7
1340	9	14
1341	1	331
1341	2	353
1341	3	351
1341	4	449
1341	5	789
1341	6	300
1341	7	256
1341	8	424
1341	9	975
1341	10	271
1342	1	361
1342	2	452
1342	3	363
1342	4	628
1342	5	556
1342	6	358
1342	7	281
1342	8	580
1342	9	1081
1342	10	299
1343	1	374
1343	2	477
1343	3	317
1343	4	594
1343	5	545
1343	6	393
1343	7	306
1343	8	733
1343	9	1000
1343	10	345
1344	1	227
1344	2	217
1344	3	209
1344	4	282
1344	5	200
1344	6	225
1344	7	189
1344	8	390
1344	9	631
1344	10	187
1345	1	296
1345	2	397
1345	3	278
1345	4	505
1345	5	419
1345	6	337
1345	7	282
1345	8	593
1345	9	949
1345	10	301
1346	1	52
1346	2	64
1346	3	58
1346	4	72
1346	5	49
1346	6	43
1346	7	59
1346	8	89
1346	9	97
1346	10	56
1347	1	228
1347	2	200
1347	3	165
1347	4	220
1347	5	183
1347	6	216
1347	7	155
1347	8	311
1347	9	556
1347	10	185
1348	1	564
1348	2	479
1348	3	398
1348	4	773
1348	5	853
1348	6	423
1348	7	330
1348	8	844
1348	9	1511
1348	10	496
1349	1	476
1349	2	526
1349	3	406
1349	4	818
1349	5	712
1349	6	426
1349	7	355
1349	8	916
1349	9	1670
1349	10	429
1350	1	397
1350	2	490
1350	3	294
1350	4	607
1350	5	540
1350	6	328
1350	7	304
1350	8	667
1350	9	1121
1350	10	351
1351	1	92
1351	2	116
1351	3	127
1351	4	113
1351	5	85
1351	6	56
1351	7	85
1351	8	143
1351	9	186
1351	10	79
1352	2	25
1352	8	66
1352	9	34
1352	10	31
1353	1	472
1353	2	270
1353	3	244
1353	4	549
1353	5	570
1353	6	279
1353	7	222
1353	8	558
1353	9	452
1353	10	273
1354	1	764
1354	2	458
1354	3	383
1354	4	782
1354	5	926
1354	6	477
1354	7	279
1354	8	946
1354	9	757
1354	10	580
1355	5	71
1355	8	89
1355	9	32
1356	1	618
1356	2	350
1356	3	461
1356	4	708
1356	5	919
1356	6	408
1356	7	255
1356	8	751
1356	9	905
1356	10	413
1357	1	472
1357	2	416
1357	3	294
1357	4	628
1357	5	588
1357	6	329
1357	7	278
1357	8	641
1357	9	598
1357	10	319
1358	1	419
1358	2	360
1358	3	208
1358	4	517
1358	5	360
1358	6	273
1358	7	247
1358	8	524
1358	9	540
1358	10	270
1359	1	341
1359	2	201
1359	3	140
1359	4	422
1359	5	327
1359	6	238
1359	7	210
1359	8	500
1359	9	358
1359	10	205
1360	1	312
1360	2	231
1360	3	125
1360	4	408
1360	5	465
1360	6	239
1360	7	209
1360	8	382
1360	9	327
1360	10	193
1361	1	137
1361	2	106
1361	3	93
1361	4	204
1361	5	250
1361	6	112
1361	7	135
1361	8	149
1361	9	223
1361	10	74
1362	6	8
1363	1	297
1363	2	166
1363	3	107
1363	4	297
1363	5	330
1363	6	208
1363	7	168
1363	8	416
1363	9	441
1363	10	174
1364	1	427
1364	2	457
1364	3	174
1364	4	544
1364	5	375
1364	6	244
1364	7	297
1364	8	590
1364	9	550
1364	10	262
1365	1	310
1365	2	250
1365	3	121
1365	4	400
1365	5	312
1365	6	227
1365	7	224
1365	8	463
1365	9	478
1365	10	183
1366	1	263
1366	2	180
1366	3	109
1366	4	303
1366	5	318
1366	6	180
1366	7	186
1366	8	406
1366	9	395
1366	10	167
1367	1	341
1367	2	261
1367	3	207
1367	4	424
1367	5	360
1367	6	257
1367	7	283
1367	8	462
1367	9	414
1367	10	219
1368	1	54
1368	2	43
1368	3	54
1368	4	32
1368	5	44
1368	6	28
1368	7	52
1368	8	115
1368	9	84
1368	10	43
1369	5	52
1369	6	17
1370	1	432
1370	2	245
1370	3	245
1370	4	496
1370	5	519
1370	6	266
1370	7	311
1370	8	584
1370	9	637
1370	10	272
1371	1	349
1371	2	310
1371	3	216
1371	4	548
1371	5	418
1371	6	283
1371	7	348
1371	8	425
1371	9	566
1371	10	249
1372	1	337
1372	2	207
1372	3	227
1372	4	441
1372	5	384
1372	6	254
1372	7	309
1372	8	437
1372	9	502
1372	10	235
1373	1	275
1373	2	152
1373	3	200
1373	4	356
1373	5	311
1373	6	193
1373	7	216
1373	8	400
1373	9	365
1373	10	183
1374	1	307
1374	2	149
1374	3	228
1374	4	398
1374	5	267
1374	6	236
1374	7	251
1374	8	331
1374	9	560
1374	10	209
1375	1	66
1375	2	62
1375	3	112
1375	4	85
1375	5	56
1375	6	60
1375	7	105
1375	8	105
1375	9	165
1375	10	48
1376	9	23
1377	1	423
1377	2	169
1377	3	292
1377	4	588
1377	5	423
1377	6	291
1377	7	325
1377	8	584
1377	9	755
1377	10	290
1378	1	456
1378	2	289
1378	3	305
1378	4	734
1378	5	489
1378	6	298
1378	7	354
1378	8	589
1378	9	814
1378	10	321
1379	1	338
1379	2	189
1379	3	248
1379	4	457
1379	5	437
1379	6	318
1379	7	279
1379	8	343
1379	9	553
1379	10	245
1380	1	295
1380	2	157
1380	3	178
1380	4	355
1380	5	300
1380	6	271
1380	7	241
1380	8	286
1380	9	415
1380	10	193
1381	1	333
1381	2	150
1381	3	313
1381	4	387
1381	5	316
1381	6	296
1381	7	272
1381	8	296
1381	9	417
1381	10	225
1382	1	66
1382	2	68
1382	3	140
1382	4	127
1382	5	164
1382	6	53
1382	7	104
1382	8	68
1382	9	129
1383	1	45
1383	2	30
1383	6	9
1384	1	351
1384	2	193
1384	3	327
1384	4	496
1384	5	379
1384	6	314
1384	7	286
1384	8	422
1384	9	530
1384	10	253
1385	1	330
1385	2	230
1385	3	291
1385	4	533
1385	5	497
1385	6	301
1385	7	309
1385	8	422
1385	9	476
1385	10	241
1386	1	320
1386	2	244
1386	3	268
1386	4	514
1386	5	366
1386	6	295
1386	7	304
1386	8	468
1386	9	553
1386	10	242
1387	1	279
1387	2	172
1387	3	143
1387	4	378
1387	5	372
1387	6	206
1387	7	233
1387	8	432
1387	9	294
1387	10	186
1388	1	274
1388	2	203
1388	3	246
1388	4	363
1388	5	415
1388	6	249
1388	7	207
1388	8	370
1388	9	386
1388	10	189
1389	1	57
1389	2	53
1389	3	61
1389	4	82
1389	5	69
1389	6	47
1389	7	65
1389	8	99
1389	9	139
1389	10	47
1390	1	351
1390	2	207
1390	3	298
1390	4	511
1390	5	627
1390	6	317
1390	7	277
1390	8	493
1390	9	581
1390	10	247
1391	1	330
1391	2	286
1391	3	261
1391	4	548
1391	5	553
1391	6	285
1391	7	309
1391	8	401
1391	9	479
1391	10	244
1392	1	313
1392	2	215
1392	3	281
1392	4	429
1392	5	475
1392	6	256
1392	7	264
1392	8	424
1392	9	506
1392	10	216
1393	1	242
1393	2	183
1393	3	190
1393	4	259
1393	5	355
1393	6	211
1393	7	191
1393	8	260
1393	9	349
1393	10	164
1394	1	277
1394	2	211
1394	3	233
1394	4	319
1394	5	341
1394	6	221
1394	7	233
1394	8	300
1394	9	374
1394	10	184
1395	1	56
1395	2	70
1395	3	104
1395	4	68
1395	5	89
1395	6	44
1395	7	60
1395	8	128
1395	9	123
1395	10	47
1396	4	32
1396	6	24
1397	1	342
1397	2	210
1397	3	307
1397	4	453
1397	5	607
1397	6	311
1397	7	289
1397	8	422
1397	9	575
1397	10	250
1398	1	408
1398	2	370
1398	3	306
1398	4	576
1398	5	630
1398	6	342
1398	7	358
1398	8	620
1398	9	555
1398	10	279
1399	1	290
1399	2	205
1399	3	382
1399	4	382
1399	5	544
1399	6	261
1399	7	278
1399	8	375
1399	9	511
1399	10	220
1400	1	223
1400	2	178
1400	3	183
1400	4	240
1400	5	301
1400	6	196
1400	7	204
1400	8	360
1400	9	325
1400	10	170
1401	1	257
1401	2	203
1401	3	176
1401	4	289
1401	5	283
1401	6	195
1401	7	246
1401	8	337
1401	9	458
1401	10	192
1402	1	91
1402	3	114
1402	4	89
1402	5	92
1402	6	56
1402	7	106
1402	8	112
1402	9	194
1402	10	48
1403	1	348
1403	2	215
1403	3	284
1403	4	497
1403	5	481
1403	6	251
1403	7	299
1403	8	468
1403	9	713
1403	10	265
1404	1	402
1404	2	343
1404	3	325
1404	4	564
1404	5	409
1404	6	266
1404	7	311
1404	8	650
1404	9	780
1404	10	280
1405	1	328
1405	2	226
1405	3	304
1405	4	391
1405	5	543
1405	6	219
1405	7	264
1405	8	431
1405	9	618
1405	10	227
1406	1	306
1406	2	200
1406	3	210
1406	4	313
1406	5	336
1406	6	216
1406	7	249
1406	8	303
1406	9	594
1406	10	207
1407	1	267
1407	2	233
1407	3	242
1407	4	263
1407	5	365
1407	6	239
1407	7	249
1407	8	259
1407	9	603
1407	10	204
1408	1	312
1408	2	145
1408	3	283
1408	4	311
1408	5	678
1408	6	248
1408	7	223
1408	8	281
1408	9	645
1408	10	243
1409	6	7
1409	8	60
1409	9	32
1409	10	31
1410	9	22
1411	1	293
1411	2	204
1411	3	244
1411	4	417
1411	5	556
1411	6	235
1411	7	278
1411	8	476
1411	9	561
1411	10	222
1412	1	227
1412	2	146
1412	3	135
1412	4	230
1412	5	318
1412	6	200
1412	7	198
1412	8	330
1412	9	332
1412	10	172
1413	1	228
1413	2	166
1413	3	206
1413	4	238
1413	5	361
1413	6	191
1413	7	202
1413	8	308
1413	9	276
1413	10	173
1414	1	91
1414	2	88
1414	3	133
1414	5	208
1414	6	47
1414	7	106
1414	8	94
1414	9	130
1414	10	47
1415	3	44
1415	6	9
1415	9	18
1416	1	318
1416	2	213
1416	3	295
1416	4	386
1416	5	485
1416	6	232
1416	7	261
1416	8	486
1416	9	453
1416	10	248
1417	1	299
1417	2	248
1417	3	244
1417	4	419
1417	5	528
1417	6	251
1417	7	286
1417	8	474
1417	9	442
1417	10	240
1418	1	281
1418	2	211
1418	3	270
1418	4	366
1418	5	456
1418	6	234
1418	7	278
1418	8	469
1418	9	480
1418	10	220
1419	1	217
1419	2	168
1419	3	161
1419	4	208
1419	5	255
1419	6	193
1419	7	211
1419	8	258
1419	9	377
1419	10	169
1420	1	220
1420	2	168
1420	3	168
1420	4	220
1420	5	322
1420	6	179
1420	7	228
1420	8	248
1420	9	401
1420	10	177
1421	1	58
1421	2	70
1421	3	123
1421	4	62
1421	5	73
1421	6	40
1421	7	111
1421	8	67
1421	9	120
1421	10	47
1422	1	308
1422	2	172
1422	3	314
1422	4	382
1422	5	570
1422	6	252
1422	7	265
1422	8	395
1422	9	496
1422	10	223
1423	1	293
1423	2	195
1423	3	249
1423	4	458
1423	5	646
1423	6	302
1423	7	338
1423	8	440
1423	9	509
1423	10	238
1424	1	268
1424	2	147
1424	3	268
1424	4	304
1424	5	367
1424	6	213
1424	7	269
1424	8	446
1424	9	515
1424	10	196
1425	1	216
1425	2	138
1425	3	134
1425	4	211
1425	5	335
1425	6	175
1425	7	215
1425	8	250
1425	9	331
1425	10	166
1426	1	255
1426	2	189
1426	3	167
1426	4	233
1426	5	356
1426	6	186
1426	7	244
1426	8	288
1426	9	376
1426	10	188
1427	2	45
1427	3	62
1427	4	54
1427	6	44
1427	8	89
1427	9	81
1427	10	47
1428	1	40
1428	2	32
1428	4	15
1428	9	24
1428	10	30
1429	1	303
1429	2	197
1429	3	271
1429	4	334
1429	5	378
1429	6	227
1429	7	231
1429	8	439
1429	9	572
1429	10	218
1430	1	305
1430	2	248
1430	3	243
1430	4	386
1430	5	534
1430	6	275
1430	7	266
1430	8	528
1430	9	523
1430	10	240
1431	1	283
1431	2	225
1431	3	255
1431	4	280
1431	5	333
1431	6	256
1431	7	244
1431	8	379
1431	9	653
1431	10	210
1432	1	255
1432	2	184
1432	3	187
1432	4	185
1432	5	296
1432	6	232
1432	7	214
1432	8	325
1432	9	435
1432	10	185
1433	1	263
1433	2	230
1433	3	281
1433	4	217
1433	5	263
1433	6	229
1433	7	181
1433	8	319
1433	9	588
1433	10	192
1434	1	48
1434	3	52
1434	4	25
1434	5	40
1434	6	15
1434	7	48
1434	8	74
1434	9	51
1434	10	33
1435	4	25
1436	3	46
1436	4	18
1436	6	24
1436	7	42
1436	9	38
1436	10	33
1437	1	569
1437	2	365
1437	3	493
1437	4	630
1437	5	1105
1437	6	399
1437	7	397
1437	8	875
1437	9	965
1437	10	440
1438	1	460
1438	2	239
1438	3	364
1438	4	548
1438	5	717
1438	6	340
1438	7	365
1438	8	646
1438	9	722
1438	10	359
1439	1	388
1439	2	299
1439	3	298
1439	4	523
1439	5	675
1439	6	335
1439	7	337
1439	8	624
1439	9	465
1439	10	320
1440	1	372
1440	2	302
1440	3	426
1440	4	491
1440	5	702
1440	6	347
1440	7	349
1440	8	586
1440	9	592
1440	10	322
1441	1	194
1441	2	164
1441	3	244
1441	4	162
1441	5	317
1441	6	167
1441	7	175
1441	8	217
1441	9	336
1441	10	163
1442	6	9
1442	8	79
1442	9	18
1443	1	369
1443	2	289
1443	3	373
1443	4	421
1443	5	401
1443	6	346
1443	7	293
1443	8	675
1443	9	482
1443	10	284
1444	1	298
1444	2	273
1444	3	276
1444	4	382
1444	5	463
1444	6	357
1444	7	317
1444	8	481
1444	9	533
1444	10	244
1445	1	252
1445	2	206
1445	3	139
1445	4	258
1445	5	340
1445	6	286
1445	7	243
1445	8	346
1445	9	419
1445	10	194
1446	1	189
1446	2	170
1446	3	157
1446	4	167
1446	5	273
1446	6	181
1446	7	195
1446	8	268
1446	9	317
1446	10	164
1447	1	247
1447	2	247
1447	3	235
1447	4	245
1447	5	306
1447	6	249
1447	7	215
1447	8	302
1447	9	438
1447	10	186
1448	2	96
1448	3	132
1448	4	51
1448	5	87
1448	6	63
1448	7	105
1448	8	80
1448	9	153
1448	10	46
1449	10	196
1450	1	295
1450	2	229
1450	3	297
1450	4	347
1450	5	620
1450	6	256
1450	7	309
1450	8	392
1450	9	696
1450	10	217
1451	1	245
1451	2	207
1451	3	245
1451	4	212
1451	5	453
1451	6	198
1451	7	245
1451	8	292
1451	9	672
1451	10	172
1452	1	219
1452	2	177
1452	3	171
1452	4	193
1452	5	277
1452	6	203
1452	7	229
1452	8	257
1452	9	484
1452	10	166
1453	1	222
1453	2	189
1453	3	271
1453	4	189
1453	5	257
1453	6	214
1453	7	250
1453	8	320
1453	9	530
1453	10	171
1454	2	71
1454	3	109
1454	4	53
1454	5	81
1454	6	41
1454	7	67
1454	8	95
1454	9	132
1454	10	47
1455	1	39
1455	6	15
1455	9	36
1456	1	315
1456	2	182
1456	3	309
1456	4	333
1456	5	567
1456	6	254
1456	7	276
1456	8	502
1456	9	551
1456	10	255
1457	1	296
1457	2	215
1457	3	209
1457	4	393
1457	5	586
1457	6	299
1457	7	333
1457	8	491
1457	9	647
1457	10	247
1458	1	250
1458	2	202
1458	3	168
1458	4	247
1458	5	391
1458	6	207
1458	7	255
1458	8	317
1458	9	523
1458	10	193
1459	1	221
1459	2	149
1459	3	202
1459	4	189
1459	5	246
1459	6	209
1459	7	212
1459	8	290
1459	9	422
1459	10	175
1460	1	247
1460	2	184
1460	3	313
1460	4	200
1460	5	267
1460	6	233
1460	7	229
1460	8	235
1460	9	670
1460	10	193
1461	1	278
1461	2	135
1461	3	285
1461	4	207
1461	5	259
1461	6	242
1461	7	251
1461	8	339
1461	9	1002
1461	10	212
1462	1	40
1462	2	33
1462	4	18
1462	5	41
1462	6	12
1462	9	59
1462	10	30
1463	6	6
1464	1	52
1464	3	68
1464	4	48
1464	6	16
1464	7	54
1464	9	50
1464	10	44
1465	1	365
1465	2	407
1465	3	316
1465	4	418
1465	5	447
1465	6	313
1465	7	340
1465	8	735
1465	9	1129
1465	10	290
1466	1	226
1466	2	154
1466	3	157
1466	4	205
1466	5	231
1466	6	233
1466	7	190
1466	8	486
1466	9	481
1466	10	175
1467	1	280
1467	2	182
1467	3	196
1467	4	298
1467	5	313
1467	6	272
1467	7	251
1467	8	478
1467	9	548
1467	10	205
1468	1	59
1468	2	85
1468	3	152
1468	4	79
1468	5	188
1468	6	46
1468	7	105
1468	8	73
1468	9	145
1468	10	47
1469	1	297
1469	2	179
1469	3	263
1469	4	337
1469	5	568
1469	6	250
1469	7	252
1469	8	562
1469	9	657
1469	10	232
1470	1	278
1470	2	193
1470	3	298
1470	4	373
1470	5	457
1470	6	270
1470	7	280
1470	8	381
1470	9	633
1470	10	242
1471	1	255
1471	2	154
1471	3	230
1471	4	308
1471	5	275
1471	6	230
1471	7	250
1471	8	368
1471	9	580
1471	10	203
1472	1	235
1472	2	201
1472	3	161
1472	4	255
1472	5	290
1472	6	190
1472	7	216
1472	8	393
1472	9	431
1472	10	188
1473	1	231
1473	2	191
1473	3	235
1473	4	241
1473	5	368
1473	6	208
1473	7	216
1473	8	307
1473	9	467
1473	10	187
1474	1	54
1474	2	65
1474	3	121
1474	4	62
1474	5	193
1474	6	47
1474	7	105
1474	8	79
1474	9	139
1474	10	50
1475	3	40
1475	6	12
1475	9	21
1475	10	32
1476	1	291
1476	2	189
1476	3	221
1476	4	336
1476	5	524
1476	6	248
1476	7	263
1476	8	407
1476	9	594
1476	10	233
1477	1	284
1477	2	181
1477	3	242
1477	4	359
1477	5	434
1477	6	271
1477	7	296
1477	8	357
1477	9	705
1477	10	242
1478	1	272
1478	2	170
1478	3	180
1478	4	303
1478	5	353
1478	6	240
1478	7	288
1478	8	368
1478	9	619
1478	10	222
1479	1	242
1479	2	160
1479	3	123
1479	4	257
1479	5	247
1479	6	238
1479	7	255
1479	8	296
1479	9	559
1479	10	193
1480	1	237
1480	2	158
1480	3	249
1480	4	216
1480	5	348
1480	6	180
1480	7	225
1480	8	234
1480	9	485
1480	10	182
1481	1	84
1481	2	79
1481	3	102
1481	4	76
1481	5	125
1481	6	42
1481	7	110
1481	8	94
1481	9	135
1481	10	51
1482	1	38
1482	2	34
1482	4	17
1482	8	96
1482	9	22
1483	1	303
1483	2	174
1483	3	309
1483	4	328
1483	5	551
1483	6	263
1483	7	268
1483	8	413
1483	9	624
1483	10	240
1484	1	279
1484	2	196
1484	3	317
1484	4	349
1484	5	586
1484	6	278
1484	7	294
1484	8	399
1484	9	709
1484	10	223
1485	1	241
1485	2	189
1485	3	210
1485	4	255
1485	5	482
1485	6	227
1485	7	260
1485	8	422
1485	9	607
1485	10	185
1486	1	212
1486	2	157
1486	3	165
1486	4	216
1486	5	376
1486	6	224
1486	7	232
1486	8	421
1486	9	625
1486	10	179
1487	1	242
1487	2	189
1487	3	234
1487	4	246
1487	5	258
1487	6	192
1487	7	263
1487	8	421
1487	9	606
1487	10	193
1488	1	56
1488	2	70
1488	3	136
1488	4	75
1488	5	75
1488	6	42
1488	7	113
1488	8	82
1488	9	168
1488	10	53
1489	4	18
1489	6	7
1489	7	50
1489	9	27
1489	10	30
1490	1	307
1490	2	200
1490	3	297
1490	4	329
1490	5	618
1490	6	256
1490	7	274
1490	8	470
1490	9	660
1490	10	242
1491	1	289
1491	2	226
1491	3	314
1491	4	351
1491	5	652
1491	6	267
1491	7	306
1491	8	498
1491	9	795
1491	10	232
1492	1	294
1492	2	207
1492	3	287
1492	4	298
1492	5	589
1492	6	251
1492	7	293
1492	8	496
1492	9	873
1492	10	237
1493	1	194
1493	2	145
1493	3	164
1493	4	162
1493	5	277
1493	6	140
1493	7	198
1493	8	277
1493	9	432
1493	10	152
1494	1	292
1494	2	213
1494	3	341
1494	4	292
1494	5	519
1494	6	247
1494	7	287
1494	8	511
1494	9	744
1494	10	241
1495	1	89
1495	2	87
1495	3	219
1495	4	71
1495	5	193
1495	6	64
1495	7	98
1495	8	130
1495	9	119
1495	10	73
1496	4	19
1496	9	31
1496	10	33
1497	1	315
1497	2	183
1497	3	317
1497	4	299
1497	5	544
1497	6	275
1497	7	274
1497	8	494
1497	9	495
1497	10	257
1498	1	281
1498	2	244
1498	3	239
1498	4	378
1498	5	454
1498	6	325
1498	7	342
1498	8	343
1498	9	474
1498	10	255
1499	1	269
1499	2	192
1499	3	247
1499	4	287
1499	5	407
1499	6	278
1499	7	293
1499	8	414
1499	9	509
1499	10	233
1500	1	238
1500	2	177
1500	3	156
1500	4	241
1500	5	311
1500	6	228
1500	7	255
1500	8	372
1500	9	325
1500	10	199
1501	1	210
1501	2	177
1501	3	233
1501	4	209
1501	5	214
1501	6	202
1501	7	225
1501	8	365
1501	9	284
1501	10	181
1502	1	82
1502	2	90
1502	3	162
1502	4	71
1502	5	231
1502	6	68
1502	7	110
1502	8	146
1502	9	105
1502	10	73
1503	2	36
1503	4	18
1503	6	15
1503	9	18
1504	1	295
1504	2	202
1504	3	287
1504	4	310
1504	5	554
1504	6	339
1504	7	299
1504	8	531
1504	9	453
1504	10	257
1505	1	278
1505	2	269
1505	3	298
1505	4	367
1505	5	397
1505	6	361
1505	7	333
1505	8	396
1505	9	430
1505	10	251
1506	1	261
1506	2	200
1506	3	222
1506	4	280
1506	5	382
1506	6	290
1506	7	285
1506	8	388
1506	9	418
1506	10	233
1507	1	233
1507	2	186
1507	3	192
1507	4	221
1507	5	248
1507	6	211
1507	7	223
1507	8	408
1507	9	338
1507	10	196
1508	1	228
1508	2	190
1508	3	245
1508	4	214
1508	5	231
1508	6	198
1508	7	223
1508	8	375
1508	9	335
1508	10	198
1509	1	54
1509	3	181
1509	4	66
1509	5	128
1509	6	40
1509	7	109
1509	8	77
1509	9	97
1509	10	54
1510	3	52
1510	4	18
1510	6	18
1510	9	18
1510	10	32
1511	1	291
1511	2	212
1511	3	252
1511	4	339
1511	5	620
1511	6	299
1511	7	299
1511	8	435
1511	9	479
1511	10	255
1512	1	271
1512	2	211
1512	3	249
1512	4	312
1512	5	621
1512	6	300
1512	7	287
1512	8	544
1512	9	388
1512	10	232
1513	1	251
1513	2	189
1513	3	251
1513	4	242
1513	5	350
1513	6	268
1513	7	264
1513	8	411
1513	9	461
1513	10	217
1514	1	202
1514	2	167
1514	3	158
1514	4	168
1514	5	372
1514	6	236
1514	7	211
1514	8	325
1514	9	245
1514	10	171
1515	1	233
1515	2	216
1515	3	219
1515	4	220
1515	5	476
1515	6	242
1515	7	257
1515	8	365
1515	9	364
1515	10	199
1516	2	91
1516	3	108
1516	4	62
1516	5	136
1516	6	54
1516	7	112
1516	8	114
1516	9	89
1516	10	55
1517	1	36
1517	2	40
1517	3	41
1517	4	17
1517	9	14
1517	10	31
1518	1	285
1518	2	195
1518	3	195
1518	4	320
1518	5	584
1518	6	247
1518	7	268
1518	8	469
1518	9	444
1518	10	253
1519	1	323
1519	2	307
1519	3	270
1519	4	406
1519	5	694
1519	6	358
1519	7	344
1519	8	627
1519	9	574
1519	10	296
1520	1	269
1520	2	194
1520	3	175
1520	4	279
1520	5	494
1520	6	286
1520	7	298
1520	8	371
1520	9	552
1520	10	236
1521	1	209
1521	2	153
1521	3	138
1521	4	214
1521	5	265
1521	6	219
1521	7	237
1521	8	443
1521	9	390
1521	10	182
1522	1	251
1522	2	226
1522	3	265
1522	4	261
1522	5	384
1522	6	268
1522	7	256
1522	8	381
1522	9	559
1522	10	215
1523	1	88
1523	2	70
1523	3	126
1523	4	70
1523	5	156
1523	6	65
1523	7	108
1523	8	210
1523	9	132
1523	10	72
1524	1	39
1524	3	51
1524	6	11
1524	7	48
1524	9	31
1524	10	31
1525	1	340
1525	2	354
1525	3	312
1525	4	392
1525	5	693
1525	6	302
1525	7	303
1525	8	658
1525	9	618
1525	10	308
1526	1	359
1526	2	269
1526	3	249
1526	4	445
1526	5	604
1526	6	494
1526	7	337
1526	8	468
1526	9	465
1526	10	337
1527	1	319
1527	2	277
1527	3	184
1527	4	336
1527	5	554
1527	6	383
1527	7	345
1527	8	394
1527	9	459
1527	10	284
1528	1	209
1528	2	177
1528	3	172
1528	4	195
1528	5	165
1528	6	228
1528	7	217
1528	8	252
1528	9	230
1528	10	183
1529	1	250
1529	2	160
1529	3	238
1529	4	281
1529	5	249
1529	6	337
1529	7	268
1529	8	406
1529	9	418
1529	10	229
1530	1	80
1530	2	88
1530	3	156
1530	4	73
1530	5	271
1530	6	86
1530	7	113
1530	8	141
1530	9	100
1530	10	72
1531	4	28
1531	6	19
1531	7	49
1532	1	335
1532	2	275
1532	3	274
1532	4	356
1532	5	504
1532	6	331
1532	7	310
1532	8	398
1532	9	354
1532	10	296
1533	1	271
1533	2	293
1533	3	232
1533	4	348
1533	5	421
1533	6	365
1533	7	335
1533	8	462
1533	9	403
1533	10	261
1534	1	262
1534	2	251
1534	3	221
1534	4	348
1534	5	379
1534	6	323
1534	7	340
1534	8	370
1534	9	365
1534	10	285
1535	1	229
1535	2	180
1535	3	197
1535	4	249
1535	5	326
1535	6	216
1535	7	228
1535	8	391
1535	9	244
1535	10	203
1536	1	250
1536	2	180
1536	3	221
1536	4	264
1536	5	263
1536	6	307
1536	7	264
1536	8	397
1536	9	317
1536	10	220
1537	1	80
1537	2	74
1537	3	163
1537	4	74
1537	5	189
1537	6	60
1537	7	111
1537	8	166
1537	9	112
1537	10	72
1538	4	38
1538	6	27
1538	7	52
1538	9	30
1539	1	288
1539	2	206
1539	3	289
1539	4	335
1539	5	486
1539	6	286
1539	7	305
1539	8	456
1539	9	405
1539	10	267
1540	1	271
1540	2	192
1540	3	310
1540	4	337
1540	5	484
1540	6	264
1540	7	302
1540	8	401
1540	9	385
1540	10	255
1541	1	262
1541	2	201
1541	3	231
1541	4	364
1541	5	547
1541	6	271
1541	7	338
1541	8	361
1541	9	456
1541	10	252
1542	1	247
1542	2	155
1542	3	180
1542	4	301
1542	5	293
1542	6	242
1542	7	266
1542	8	293
1542	9	388
1542	10	221
1543	1	248
1543	2	163
1543	3	202
1543	4	284
1543	5	291
1543	6	274
1543	7	268
1543	8	405
1543	9	384
1543	10	230
1544	1	53
1544	2	68
1544	3	144
1544	4	53
1544	5	217
1544	6	55
1544	7	114
1544	8	136
1544	9	102
1544	10	56
1545	1	283
1545	2	192
1545	3	305
1545	4	325
1545	5	606
1545	6	279
1545	7	273
1545	8	561
1545	9	428
1545	10	251
1546	1	256
1546	2	206
1546	3	303
1546	4	331
1546	5	436
1546	6	271
1546	7	275
1546	8	441
1546	9	477
1546	10	229
1547	1	261
1547	2	189
1547	3	244
1547	4	328
1547	5	539
1547	6	246
1547	7	311
1547	8	500
1547	9	529
1547	10	260
1548	1	228
1548	2	173
1548	3	217
1548	4	248
1548	5	304
1548	6	180
1548	7	237
1548	8	418
1548	9	383
1548	10	202
1549	1	263
1549	2	169
1549	3	189
1549	4	300
1549	5	399
1549	6	251
1549	7	303
1549	8	519
1549	9	477
1549	10	253
1550	1	47
1550	2	45
1550	3	74
1550	4	57
1550	5	48
1550	6	51
1550	7	76
1550	8	115
1550	9	79
1550	10	56
1551	1	37
1551	2	36
1551	4	18
1551	6	5
1552	1	361
1552	2	304
1552	3	375
1552	4	405
1552	5	579
1552	6	268
1552	7	317
1552	8	562
1552	9	710
1552	10	316
1553	1	292
1553	2	233
1553	3	347
1553	4	346
1553	5	594
1553	6	289
1553	7	307
1553	8	485
1553	9	708
1553	10	268
1554	1	278
1554	2	357
1554	3	289
1554	4	356
1554	5	595
1554	6	273
1554	7	342
1554	8	493
1554	9	711
1554	10	274
1555	1	259
1555	2	214
1555	3	201
1555	4	271
1555	5	474
1555	6	223
1555	7	293
1555	8	466
1555	9	558
1555	10	252
1556	1	240
1556	2	221
1556	3	171
1556	4	252
1556	5	303
1556	6	241
1556	7	231
1556	8	392
1556	9	422
1556	10	208
1557	4	31
1557	6	19
1557	9	28
1557	10	44
1558	1	335
1558	2	281
1558	3	309
1558	4	389
1558	5	478
1558	6	356
1558	7	317
1558	8	407
1558	9	485
1558	10	308
1559	1	316
1559	2	224
1559	3	310
1559	4	463
1559	5	470
1559	6	389
1559	7	345
1559	8	390
1559	9	569
1559	10	300
1560	1	305
1560	2	246
1560	3	320
1560	4	443
1560	5	479
1560	6	383
1560	7	368
1560	8	358
1560	9	482
1560	10	305
1561	1	172
1561	2	184
1561	3	192
1561	4	183
1561	5	306
1561	6	160
1561	7	209
1561	8	187
1561	9	225
1561	10	172
1562	1	230
1562	2	247
1562	3	199
1562	4	280
1562	5	380
1562	6	292
1562	7	259
1562	8	361
1562	9	446
1562	10	217
1563	1	53
1563	2	82
1563	3	126
1563	4	63
1563	5	104
1563	6	58
1563	7	112
1563	8	93
1563	9	111
1563	10	57
1564	1	36
1564	8	80
1564	10	32
1565	1	288
1565	2	233
1565	3	352
1565	4	343
1565	5	486
1565	6	306
1565	7	275
1565	8	390
1565	9	474
1565	10	271
1566	1	271
1566	2	328
1566	3	324
1566	4	432
1566	5	501
1566	6	350
1566	7	343
1566	8	426
1566	9	579
1566	10	268
1567	1	248
1567	2	223
1567	3	227
1567	4	285
1567	5	271
1567	6	267
1567	7	266
1567	8	356
1567	9	412
1567	10	220
1568	1	200
1568	2	178
1568	3	141
1568	4	218
1568	5	164
1568	6	193
1568	7	216
1568	8	315
1568	9	251
1568	10	179
1569	1	225
1569	2	182
1569	3	191
1569	4	224
1569	5	245
1569	6	199
1569	7	230
1569	8	346
1569	9	359
1569	10	195
1570	1	80
1570	2	79
1570	3	125
1570	4	78
1570	5	197
1570	6	58
1570	7	112
1570	8	126
1570	9	126
1570	10	76
1571	1	46
1571	2	48
1571	5	55
1571	6	24
1571	7	53
1571	9	26
1571	10	53
1572	1	272
1572	2	200
1572	3	296
1572	4	327
1572	5	312
1572	6	259
1572	7	244
1572	8	343
1572	9	547
1572	10	231
1573	1	314
1573	2	343
1573	3	414
1573	4	463
1573	5	565
1573	6	345
1573	7	346
1573	8	539
1573	9	714
1573	10	301
1574	1	304
1574	2	311
1574	3	255
1574	4	436
1574	5	555
1574	6	313
1574	7	346
1574	8	591
1574	9	729
1574	10	300
1575	1	247
1575	2	193
1575	3	226
1575	4	289
1575	5	389
1575	6	232
1575	7	272
1575	8	343
1575	9	549
1575	10	224
1576	1	262
1576	2	296
1576	3	203
1576	4	362
1576	5	385
1576	6	299
1576	7	349
1576	8	548
1576	9	798
1576	10	268
1577	1	41
1577	2	52
1577	3	50
1577	4	45
1577	5	46
1577	6	31
1577	7	56
1577	8	84
1577	9	81
1577	10	54
1578	1	378
1578	2	376
1578	3	405
1578	4	510
1578	5	830
1578	6	298
1578	7	314
1578	8	743
1578	9	850
1578	10	362
1579	1	360
1579	2	451
1579	3	414
1579	4	526
1579	5	659
1579	6	332
1579	7	349
1579	8	746
1579	9	1034
1579	10	357
1580	1	320
1580	2	355
1580	3	256
1580	4	445
1580	5	560
1580	6	300
1580	7	331
1580	8	699
1580	9	1050
1580	10	311
1581	1	290
1581	2	248
1581	3	241
1581	4	328
1581	5	496
1581	6	239
1581	7	282
1581	8	535
1581	9	687
1581	10	274
1582	1	339
1582	2	394
1582	3	289
1582	4	352
1582	5	642
1582	6	310
1582	7	314
1582	8	755
1582	9	1036
1582	10	313
1583	1	398
1583	2	456
1583	3	400
1583	4	388
1583	5	789
1583	6	356
1583	7	322
1583	8	779
1583	9	1496
1583	10	388
1584	2	178
1584	6	117
1584	7	190
1584	9	53
1584	10	148
1585	2	87
1585	8	47
1585	9	35
1586	2	30
1586	3	42
1586	4	33
1586	6	14
1586	7	52
1586	8	43
1587	1	52
1587	2	73
1587	4	97
1587	6	40
1587	8	49
1587	9	35
1587	10	57
1588	1	41
1588	2	38
1588	3	55
1588	4	33
1588	6	21
1588	7	47
1588	8	60
1588	9	20
1588	10	45
1589	1	40
1589	3	46
1589	4	32
1589	6	16
1589	7	46
1589	8	67
1589	9	24
1589	10	35
1590	1	712
1590	2	630
1590	3	468
1590	4	810
1590	5	1157
1590	6	643
1590	7	515
1590	8	1297
1590	9	686
1590	10	644
1591	1	603
1591	2	668
1591	3	438
1591	4	805
1591	5	1109
1591	6	593
1591	7	521
1591	8	1359
1591	9	761
1591	10	641
1592	1	583
1592	2	604
1592	3	388
1592	4	653
1592	5	885
1592	6	447
1592	7	415
1592	8	1142
1592	9	692
1592	10	590
1593	1	409
1593	2	392
1593	3	336
1593	4	630
1593	5	691
1593	6	384
1593	7	394
1593	8	971
1593	9	684
1593	10	384
1594	1	393
1594	2	412
1594	3	317
1594	4	544
1594	5	535
1594	6	388
1594	7	384
1594	8	1055
1594	9	712
1594	10	375
1595	1	215
1595	2	202
1595	3	164
1595	4	181
1595	5	225
1595	6	201
1595	7	178
1595	8	383
1595	9	325
1595	10	177
1596	1	49
1596	4	51
1596	5	44
1596	6	26
1596	7	45
1596	9	21
1596	10	54
1597	1	450
1597	2	397
1597	3	409
1597	4	623
1597	5	756
1597	6	425
1597	7	362
1597	8	847
1597	9	872
1597	10	430
1598	1	470
1598	2	415
1598	3	385
1598	4	670
1598	5	779
1598	6	472
1598	7	435
1598	8	863
1598	9	982
1598	10	496
1599	1	455
1599	2	435
1599	3	271
1599	4	590
1599	5	725
1599	6	475
1599	7	438
1599	8	888
1599	9	902
1599	10	454
1600	1	346
1600	2	314
1600	3	237
1600	4	460
1600	5	584
1600	6	427
1600	7	364
1600	8	745
1600	9	728
1600	10	349
1601	1	274
1601	2	372
1601	3	199
1601	4	394
1601	5	439
1601	6	316
1601	7	327
1601	8	719
1601	9	726
1601	10	297
1602	1	182
1602	2	152
1602	3	138
1602	4	144
1602	5	402
1602	6	159
1602	7	180
1602	8	371
1602	9	404
1602	10	163
1603	1	42
1603	2	49
1603	3	50
1603	4	34
1603	6	18
1603	7	48
1603	8	84
1603	9	16
1603	10	41
1604	1	412
1604	2	353
1604	3	385
1604	4	577
1604	5	689
1604	6	348
1604	7	375
1604	8	528
1604	9	818
1604	10	388
1605	1	382
1605	2	393
1605	3	464
1605	4	684
1605	5	691
1605	6	362
1605	7	438
1605	8	601
1605	9	1052
1605	10	402
1606	1	356
1606	2	349
1606	3	250
1606	4	520
1606	5	567
1606	6	350
1606	7	417
1606	8	532
1606	9	893
1606	10	358
1607	1	270
1607	2	259
1607	3	186
1607	4	414
1607	5	363
1607	6	277
1607	7	339
1607	8	382
1607	9	724
1607	10	273
1608	1	257
1608	2	230
1608	3	177
1608	4	290
1608	5	245
1608	6	220
1608	7	267
1608	8	366
1608	9	806
1608	10	238
1609	1	187
1609	2	149
1609	3	228
1609	4	167
1609	5	193
1609	6	121
1609	7	187
1609	8	318
1609	9	630
1609	10	167
1610	1	42
1610	4	19
1610	6	15
1610	7	49
1610	9	36
1610	10	31
1611	1	412
1611	2	426
1611	3	424
1611	4	478
1611	5	676
1611	6	330
1611	7	343
1611	8	538
1611	9	992
1611	10	362
1612	1	273
1612	2	429
1612	3	367
1612	4	410
1612	5	544
1612	6	279
1612	7	338
1612	8	404
1612	9	995
1612	10	273
1613	1	369
1613	2	246
1613	3	264
1613	4	472
1613	5	583
1613	6	408
1613	7	376
1613	8	584
1613	9	477
1613	10	353
1614	1	276
1614	2	253
1614	3	231
1614	4	394
1614	5	469
1614	6	269
1614	7	344
1614	8	437
1614	9	405
1614	10	290
1615	1	348
1615	2	245
1615	3	258
1615	4	443
1615	5	585
1615	6	298
1615	7	383
1615	8	453
1615	9	411
1615	10	342
1616	1	204
1616	2	193
1616	3	252
1616	4	203
1616	5	246
1616	6	182
1616	7	199
1616	8	239
1616	9	231
1616	10	179
1617	1	39
1617	4	22
1617	5	72
1617	7	50
1617	9	15
1617	10	33
1618	1	408
1618	2	266
1618	3	454
1618	4	572
1618	5	621
1618	6	414
1618	7	410
1618	8	564
1618	9	614
1618	10	383
1619	1	384
1619	2	324
1619	3	460
1619	4	620
1619	5	681
1619	6	418
1619	7	450
1619	8	723
1619	9	583
1619	10	396
1620	1	335
1620	2	330
1620	3	280
1620	4	448
1620	5	623
1620	6	328
1620	7	378
1620	8	562
1620	9	404
1620	10	340
1621	1	335
1621	2	268
1621	3	287
1621	4	446
1621	5	616
1621	6	309
1621	7	378
1621	8	531
1621	9	352
1621	10	309
1622	1	336
1622	2	294
1622	3	276
1622	4	448
1622	5	681
1622	6	308
1622	7	378
1622	8	534
1622	9	442
1622	10	341
1623	1	174
1623	2	142
1623	3	199
1623	4	151
1623	5	266
1623	6	107
1623	7	187
1623	8	185
1623	9	205
1623	10	146
1624	1	36
1624	4	19
1624	9	12
1624	10	32
1625	1	408
1625	2	280
1625	3	440
1625	4	537
1625	5	445
1625	6	371
1625	7	385
1625	8	723
1625	9	563
1625	10	383
1626	1	384
1626	2	346
1626	3	440
1626	4	624
1626	5	506
1626	6	357
1626	7	450
1626	8	765
1626	9	775
1626	10	377
1627	1	371
1627	2	346
1627	3	393
1627	4	536
1627	5	465
1627	6	345
1627	7	423
1627	8	641
1627	9	666
1627	10	376
1628	1	307
1628	2	274
1628	3	291
1628	4	407
1628	5	553
1628	6	254
1628	7	339
1628	8	520
1628	9	496
1628	10	289
1629	1	307
1629	2	274
1629	3	291
1629	4	440
1629	5	459
1629	6	270
1629	7	336
1629	8	527
1629	9	549
1629	10	298
1630	1	173
1630	2	131
1630	4	149
1630	5	345
1630	6	135
1630	7	188
1630	8	264
1630	9	323
1630	10	152
1631	9	18
1632	1	481
1632	2	331
1632	3	499
1632	4	582
1632	5	883
1632	6	402
1632	7	427
1632	8	753
1632	9	924
1632	10	443
1633	1	382
1633	2	361
1633	3	450
1633	4	648
1633	5	783
1633	6	370
1633	7	459
1633	8	661
1633	9	1004
1633	10	380
1634	1	369
1634	2	326
1634	3	355
1634	4	537
1634	5	632
1634	6	345
1634	7	436
1634	8	628
1634	9	750
1634	10	379
1635	1	306
1635	2	293
1635	3	283
1635	4	438
1635	5	504
1635	6	243
1635	7	346
1635	8	582
1635	9	576
1635	10	303
1636	1	261
1636	2	227
1636	3	263
1636	4	322
1636	5	391
1636	6	196
1636	7	299
1636	8	514
1636	9	630
1636	10	255
1637	1	206
1637	2	164
1637	3	229
1637	4	214
1637	5	176
1637	6	162
1637	7	205
1637	8	476
1637	9	528
1637	10	184
1638	1	43
1638	2	41
1638	3	58
1638	6	15
1638	9	28
1639	1	393
1639	2	293
1639	3	451
1639	4	566
1639	5	569
1639	6	321
1639	7	408
1639	8	562
1639	9	977
1639	10	367
1640	1	369
1640	2	443
1640	3	432
1640	4	574
1640	5	636
1640	6	299
1640	7	383
1640	8	575
1640	9	946
1640	10	322
